Attenuation [dB], UCS Amplitude [mV/dBm], UCS Power [dBm], CS Amplitude [mV/dBm], CS Power [dBm]
0.000000, 0.853271, 1.507212, 1.015929, -4.722889
0.500000, 0.852050, 1.540015, 1.015319, -4.685514
1.000000, 0.849914, 1.632415, 1.013183, -4.613040
1.500000, 0.849914, 1.641438, 1.012878, -4.611941
2.000000, 0.849914, 1.652711, 1.013488, -4.634645
2.500000, 0.850219, 1.658147, 1.013488, -4.651175
3.000000, 0.851440, 1.623312, 1.015319, -4.700711
3.500000, 0.851440, 1.613920, 1.015624, -4.722509
4.000000, 0.853271, 1.557872, 1.017761, -4.790889
4.500000, 0.853881, 1.540105, 1.018371, -4.807107
5.000000, 0.856323, 1.444469, 1.021117, -4.913488
5.500000, 0.856933, 1.419891, 1.021727, -4.943833
6.000000, 0.861511, 1.266988, 1.025694, -5.113907
6.500000, 0.862579, 1.221484, 1.026610, -5.151367
7.000000, 0.869140, 0.982386, 1.032714, -5.373595
7.500000, 0.870666, 0.915976, 1.034240, -5.441294
8.000000, 0.879058, 0.603249, 1.041869, -5.734939
8.500000, 0.881194, 0.511789, 1.044005, -5.826958
9.000000, 0.893706, 0.024931, 1.055602, -6.310427
9.500000, 0.896605, -0.094896, 1.058654, -6.428829
10.000000, 0.912323, -0.716134, 1.073913, -7.052560
10.500000, 0.916442, -0.859178, 1.077880, -7.203544
11.000000, 0.933837, -1.549410, 1.095275, -7.888839
11.500000, 0.938262, -1.709093, 1.099242, -8.059084
12.000000, 0.956268, -2.412510, 1.117552, -8.766827
12.500000, 0.960845, -2.578803, 1.121825, -8.927970
13.000000, 0.979613, -3.309196, 1.140135, -9.665484
13.500000, 0.983733, -3.478332, 1.144408, -9.839596
14.000000, 1.003112, -4.246865, 1.163635, -10.619753
14.500000, 1.007690, -4.427803, 1.168211, -10.794782
15.000000, 1.026916, -5.186377, 1.187438, -11.577815
15.500000, 1.031645, -5.373764, 1.192016, -11.757274
16.000000, 1.050719, -6.127413, 1.210936, -12.514395
16.500000, 1.055449, -6.327352, 1.215514, -12.716070
17.000000, 1.074828, -7.104990, 1.234588, -13.495963
17.500000, 1.079711, -7.305852, 1.239317, -13.693144
18.000000, 1.101073, -8.139840, 1.260375, -14.530813
18.500000, 1.105650, -8.338546, 1.265563, -14.724284
19.000000, 1.125030, -9.102246, 1.284941, -15.512820
19.500000, 1.130370, -9.304085, 1.289519, -15.708824
20.000000, 1.149901, -10.102274, 1.309203, -16.509889
20.500000, 1.155089, -10.300298, 1.313781, -16.696076
21.000000, 1.174163, -11.088163, 1.333006, -17.480316
21.500000, 1.179198, -11.290675, 1.337889, -17.681596
22.000000, 1.199340, -12.112339, 1.358337, -18.495119
22.500000, 1.204223, -12.302554, 1.363219, -18.682797
23.000000, 1.223754, -13.093481, 1.382445, -19.470300
23.500000, 1.228484, -13.288621, 1.387175, -19.660187
24.000000, 1.246032, -13.976346, 1.404723, -20.351027
24.500000, 1.250914, -14.174988, 1.409301, -20.551326
25.000000, 1.270141, -14.961340, 1.428832, -21.334635
25.500000, 1.275023, -15.165459, 1.433715, -21.537629
26.000000, 1.295165, -15.996314, 1.453551, -22.361446
26.500000, 1.300047, -16.183604, 1.458128, -22.560519
27.000000, 1.319274, -16.966969, 1.477050, -23.339279
27.500000, 1.324461, -17.162202, 1.482543, -23.542186
28.000000, 1.343993, -17.948576, 1.502074, -24.319673
28.500000, 1.348571, -18.139790, 1.506652, -24.526123
29.000000, 1.367949, -18.911933, 1.525267, -25.306895
29.500000, 1.372679, -19.111640, 1.530760, -25.511775
30.000000, 1.392821, -19.929120, 1.550597, -26.341814
30.500000, 1.397704, -20.130001, 1.555174, -26.535880
31.000000, 1.417235, -20.913351, 1.574705, -27.315005
31.500000, 1.421965, -21.115968, 1.579894, -27.516222
32.000000, 1.426085, -21.260321, 1.583861, -27.682063
32.500000, 1.446532, -22.143915, 1.604308, -28.516196
33.000000, 1.450652, -22.293222, 1.608885, -28.685588
33.500000, 1.471862, -23.229840, 1.630552, -29.631456
34.000000, 1.475828, -23.389568, 1.634825, -29.793595
34.500000, 1.496275, -24.231898, 1.655578, -30.631656
35.000000, 1.500548, -24.397426, 1.659239, -30.793920
35.500000, 1.520690, -25.262815, 1.680296, -31.649640
36.000000, 1.525267, -25.431580, 1.683654, -31.813306
36.500000, 1.545103, -26.294554, 1.704406, -32.660545
37.000000, 1.549681, -26.459732, 1.708220, -32.827844
37.500000, 1.570433, -27.319479, 1.729735, -33.698329
38.000000, 1.574553, -27.494821, 1.734008, -33.869233
38.500000, 1.594847, -28.306228, 1.753233, -34.698493
39.000000, 1.598967, -28.481627, 1.757201, -34.863079
39.500000, 1.616210, -29.181731, 1.773527, -35.543201
40.000000, 1.620787, -29.361965, 1.778258, -35.723084
40.500000, 1.640166, -30.184422, 1.797179, -36.517239
41.000000, 1.644896, -30.365915, 1.801451, -36.701079
41.500000, 1.665037, -31.183623, 1.822202, -37.578727
42.000000, 1.669310, -31.371222, 1.826170, -37.760205
42.500000, 1.688841, -32.176240, 1.844175, -38.574082
43.000000, 1.693418, -32.365254, 1.848448, -38.741288
43.500000, 1.712340, -33.167032, 1.866758, -39.550448
44.000000, 1.717070, -33.342879, 1.871641, -39.748285
44.500000, 1.736754, -34.142511, 1.889037, -40.547427
45.000000, 1.741027, -34.319097, 1.893919, -40.707977
45.500000, 1.760710, -35.143491, 1.911620, -41.572122
46.000000, 1.764982, -35.329659, 1.916044, -41.745177
46.500000, 1.784666, -36.121124, 1.933592, -42.552392
47.000000, 1.788328, -36.308645, 1.937864, -42.732448
47.500000, 1.807554, -37.077692, 1.953124, -43.445956
48.000000, 1.812132, -37.273663, 1.957243, -43.664602
48.500000, 1.830137, -38.056655, 1.973112, -44.389238
49.000000, 1.835478, -38.251169, 1.977079, -44.577066
49.500000, 1.853941, -39.113595, 1.994627, -45.492455
50.000000, 1.858519, -39.318358, 1.997831, -45.677093
50.500000, 1.876829, -40.101336, 2.012327, -46.470003
51.000000, 1.881560, -40.307876, 2.016599, -46.684445
51.500000, 1.899107, -41.083394, 2.031249, -47.468881
52.000000, 1.903227, -41.281927, 2.034300, -47.688242
52.500000, 1.920470, -42.056485, 2.048033, -48.429883
53.000000, 1.924894, -42.261449, 2.051084, -48.649899
53.500000, 1.942136, -43.093512, 2.063597, -49.484506
54.000000, 1.946867, -43.272071, 2.065733, -49.734298
54.500000, 1.963194, -44.057061, 2.078245, -50.479019
55.000000, 1.966856, -44.254089, 2.080077, -50.665882
55.500000, 1.980895, -44.928484, 2.088621, -51.305453
56.000000, 1.984862, -45.136265, 2.090452, -51.520971
56.500000, 2.000120, -45.910159, 2.099608, -52.287380
57.000000, 2.004087, -46.109603, 2.100828, -52.487759
57.500000, 2.019499, -46.933658, 2.109068, -53.317831
58.000000, 2.023008, -47.127353, 2.111204, -53.522945
58.500000, 2.037657, -47.889738, 2.117613, -54.287498
59.000000, 2.041014, -48.086816, 2.118834, -54.480877
59.500000, 2.053526, -48.878704, 2.124937, -55.256286
60.000000, 2.055967, -49.086609, 2.126158, -55.458121
60.500000, 2.068174, -49.858549, 2.130125, -56.185918
61.000000, 2.070615, -50.056655, 2.131651, -56.379639
61.500000, 2.081297, -50.861825, 2.135008, -57.240557
62.000000, 2.084348, -51.049302, 2.136839, -57.345822
62.500000, 2.093504, -51.807593, 2.139280, -58.150390
63.000000, 2.096098, -52.047105, 2.139890, -58.375397
