Attenuation [dB], UCS Amplitude [mV/dBm], UCS Power [dBm], CS Amplitude [mV/dBm], CS Power [dBm]
0.000000, 1.015624, -0.977432, 1.182860, -7.261458
0.500000, 1.025695, -0.991169, 1.177977, -7.497904
1.000000, 1.032103, -1.585494, 1.194152, -7.813108
1.500000, 1.033324, -1.725316, 1.194762, -7.931333
2.000000, 1.047973, -2.148887, 1.210631, -8.602792
2.500000, 1.044615, -2.198517, 1.214294, -8.744676
3.000000, 1.062011, -2.931043, 1.209716, -9.298750
3.500000, 1.083067, -2.994886, 1.228636, -9.454197
4.000000, 1.096496, -3.661422, 1.237181, -10.045186
4.500000, 1.086425, -3.786551, 1.254271, -10.079266
5.000000, 1.111144, -4.547578, 1.269530, -10.805111
5.500000, 1.124267, -4.621775, 1.269530, -10.866551
6.000000, 1.116332, -5.361546, 1.287230, -11.629316
6.500000, 1.130981, -5.458671, 1.286315, -11.840476
7.000000, 1.148680, -6.331360, 1.305540, -12.642788
7.500000, 1.170654, -6.439258, 1.307372, -12.721240
8.000000, 1.185302, -7.226569, 1.326293, -13.370566
8.500000, 1.191100, -7.332446, 1.335754, -13.467393
9.000000, 1.186217, -8.191053, 1.352233, -14.286040
9.500000, 1.196899, -8.124594, 1.357115, -14.521065
10.000000, 1.228636, -9.030783, 1.363524, -15.272424
10.500000, 1.231383, -9.310444, 1.369322, -15.596568
11.000000, 1.255797, -10.050739, 1.398314, -16.265178
11.500000, 1.247253, -10.205719, 1.398314, -16.552272
12.000000, 1.264647, -11.017214, 1.431273, -17.357894
12.500000, 1.275939, -11.412751, 1.439207, -17.488237
13.000000, 1.283568, -11.907158, 1.448363, -18.270632
13.500000, 1.296385, -12.188672, 1.465758, -18.497019
14.000000, 1.314696, -12.923864, 1.469725, -19.319276
14.500000, 1.325072, -13.123289, 1.488646, -19.352587
15.000000, 1.359252, -14.011670, 1.507567, -20.361269
15.500000, 1.347655, -14.212357, 1.495360, -20.442279
16.000000, 1.371459, -14.999521, 1.523131, -21.240110
16.500000, 1.383055, -15.122845, 1.532592, -21.430951
17.000000, 1.389464, -15.936709, 1.539610, -22.309525
17.500000, 1.395872, -16.176142, 1.548156, -22.364830
18.000000, 1.414184, -16.982529, 1.571349, -23.287600
18.500000, 1.419066, -17.159793, 1.575927, -23.350167
19.000000, 1.455077, -17.942846, 1.603697, -24.198721
19.500000, 1.452330, -18.100141, 1.606139, -24.502634
20.000000, 1.465148, -18.950717, 1.619261, -25.206524
20.500000, 1.465758, -19.106109, 1.627501, -25.463951
21.000000, 1.488036, -19.959309, 1.631773, -26.248188
21.500000, 1.487426, -20.180844, 1.653441, -26.475666
22.000000, 1.495665, -20.986988, 1.671751, -27.175835
22.500000, 1.529234, -21.136254, 1.677550, -27.273305
23.000000, 1.538085, -21.935327, 1.695555, -28.173913
23.500000, 1.551512, -22.182934, 1.705931, -28.413058
24.000000, 1.557616, -22.824321, 1.704406, -29.074623
24.500000, 1.558226, -23.045926, 1.714781, -29.317245
25.000000, 1.597593, -23.877344, 1.727599, -30.062731
25.500000, 1.591490, -23.954832, 1.721801, -30.291508
26.000000, 1.615294, -24.803394, 1.745909, -31.050986
26.500000, 1.615600, -25.074442, 1.756285, -31.271341
27.000000, 1.650389, -25.764778, 1.769713, -31.964150
27.500000, 1.633605, -26.051473, 1.789854, -32.138186
28.000000, 1.667174, -26.819000, 1.806334, -33.065418
28.500000, 1.664732, -27.093404, 1.800535, -33.198323
29.000000, 1.685179, -27.848343, 1.823119, -33.993223
29.500000, 1.677855, -27.991933, 1.829222, -34.232910
30.000000, 1.689757, -28.811751, 1.853025, -34.979134
30.500000, 1.691588, -29.000941, 1.865538, -35.148422
31.000000, 1.717833, -29.825176, 1.869200, -35.931764
31.500000, 1.719969, -29.994001, 1.864928, -36.131417
32.000000, 1.739806, -30.099088, 1.873473, -36.230915
32.500000, 1.767577, -30.980481, 1.890868, -37.148792
33.000000, 1.755980, -31.207178, 1.895140, -37.247924
33.500000, 1.787413, -32.071369, 1.910093, -38.201500
34.000000, 1.787413, -32.234009, 1.928404, -38.438766
34.500000, 1.804808, -32.975918, 1.935423, -39.109428
35.000000, 1.805114, -33.178484, 1.953124, -39.253395
35.500000, 1.829222, -34.089615, 1.959837, -40.149281
36.000000, 1.823118, -34.218597, 1.957701, -40.282394
36.500000, 1.830138, -34.941408, 1.976317, -41.104073
37.000000, 1.859129, -35.091580, 1.972654, -41.160553
37.500000, 1.866453, -36.010620, 1.997679, -42.035638
38.000000, 1.893614, -36.234965, 1.995542, -42.288107
38.500000, 1.884459, -37.060733, 2.009886, -42.939020
39.000000, 1.899717, -37.245293, 2.007445, -43.187126
39.500000, 1.907347, -37.971071, 2.023313, -43.773829
40.000000, 1.911009, -38.023173, 2.030333, -43.984005
40.500000, 1.918638, -38.911924, 2.044676, -44.613245
41.000000, 1.931761, -39.017595, 2.041014, -44.841427
41.500000, 1.956480, -39.906750, 2.054747, -45.536113
42.000000, 1.954954, -40.150098, 2.057493, -45.801613
42.500000, 1.968077, -40.802427, 2.071531, -46.271550
43.000000, 1.976621, -40.930971, 2.073362, -46.497025
43.500000, 1.983335, -41.800474, 2.078245, -47.108156
44.000000, 1.994932, -41.898928, 2.084654, -47.374064
44.500000, 2.016599, -42.766138, 2.096251, -47.953026
45.000000, 2.015989, -42.805364, 2.096861, -48.069367
45.500000, 2.025450, -43.560491, 2.113951, -48.698009
46.000000, 2.025755, -43.792671, 2.102049, -48.808520
46.500000, 2.033690, -44.474674, 2.109679, -49.318670
47.000000, 2.043761, -44.601593, 2.113035, -49.397804
47.500000, 2.051390, -45.342236, 2.120665, -49.896969
48.000000, 2.055967, -45.431743, 2.122496, -50.072512
48.500000, 2.071531, -46.171178, 2.129819, -50.394438
49.000000, 2.076109, -46.265558, 2.129209, -50.559452
49.500000, 2.084043, -46.908153, 2.134397, -50.913841
50.000000, 2.079771, -47.150768, 2.133482, -50.998722
50.500000, 2.093809, -47.768755, 2.137449, -51.349308
51.000000, 2.093809, -47.896315, 2.135923, -51.345072
51.500000, 2.103575, -48.393067, 2.142332, -51.568588
52.000000, 2.101743, -48.637963, 2.145078, -51.676708
52.500000, 2.106626, -49.087528, 2.143858, -51.834986
53.000000, 2.113951, -49.303047, 2.146910, -51.841055
53.500000, 2.121580, -49.874884, 2.150266, -51.995753
54.000000, 2.119139, -49.978560, 2.150572, -52.006273
54.500000, 2.120359, -50.340142, 2.151182, -52.093073
55.000000, 2.127683, -50.451092, 2.153624, -52.145142
55.500000, 2.134397, -50.815349, 2.151792, -52.191704
56.000000, 2.134093, -50.918768, 2.154844, -52.185238
56.500000, 2.139280, -51.247420, 2.156370, -52.233370
57.000000, 2.135924, -51.332024, 2.154539, -52.228929
57.500000, 2.140501, -51.576344, 2.152097, -52.284537
58.000000, 2.138975, -51.581575, 2.155760, -52.310986
58.500000, 2.147215, -51.788717, 2.158507, -52.317831
59.000000, 2.147215, -51.786465, 2.156980, -52.323951
59.500000, 2.149046, -51.912595, 2.156981, -52.348247
60.000000, 2.150877, -52.008532, 2.156981, -52.333528
60.500000, 2.153319, -52.144241, 2.157896, -52.382792
61.000000, 2.154844, -52.145617, 2.161558, -52.386156
61.500000, 2.154844, -52.232592, 2.159422, -52.401491
62.000000, 2.155455, -52.210184, 2.157896, -52.403785
62.500000, 2.157286, -52.257250, 2.159422, -52.406759
63.000000, 2.158201, -52.234766, 2.157591, -52.397109
